5.214359708145074860e-08 3.614693515166600895e-08 -7.190152327951278288e-02
-5.900784081794987580e-08 -6.211592497013264327e-08 -8.702389466016935415e-02
-2.958325286244188793e-08 -5.843197956012553375e-09 -1.048616469849883992e-01
-1.483113875701626274e-08 -9.695933746812910316e-09 -1.255161713572988391e-01
0.000000000000000000e+00 1.753948331726888351e-08 -1.495422135659839613e-01
-6.675515324285639668e-09 0.000000000000000000e+00 -1.763189577000772168e-01
-7.585028921567358744e-09 0.000000000000000000e+00 -2.068894384903943173e-01
8.571830126430163639e-09 -1.065942355881674101e-08 -2.413633040213779002e-01
4.223738419867443613e-09 4.892722200141026678e-08 -2.793903929426853061e-01
2.140607458271433778e-08 -2.082791498193629017e-08 -3.203795594154540405e-01
-2.454050173096920488e-08 1.490116119384767941e-08 -3.633825364480303688e-01
-1.082020658930401366e-08 -6.161064400623273372e-08 -4.071966838459642468e-01
-2.649134124981593167e-08 -2.469773193603304241e-08 -4.505205275314373425e-01
-2.952555982851538514e-08 -1.462439863466762301e-08 -4.914275218386305877e-01
-2.426874188072211502e-08 2.182154585108763012e-08 -5.310328832588914194e-01
0.000000000000000000e+00 3.252303445471138058e-09 -5.665552277111329804e-01
-1.686811080932956646e-08 1.490116119384767279e-08 -5.983604874341610369e-01
-1.315340508016947688e-08 2.984784947102790011e-08 -6.263999679358106532e-01
3.113642821462483367e-08 2.551580007557376592e-08 -6.508330343196109258e-01
-5.400143659795980715e-08 -3.063270671461974025e-08 -6.719440426992585591e-01
-3.643701932993500975e-08 1.388227846194524087e-08 -6.900732577191873718e-01
-3.613420731314850509e-08 3.974136146008052112e-09 -7.055708346248372731e-01
-4.617618642612374932e-08 -7.174224341645918155e-09 -7.187692691761576880e-01
8.446273697928545745e-09 3.458953336619608060e-09 -7.299711507590995740e-01
-2.320781790201264784e-08 1.708066461604441356e-08 -7.394457558512808060e-01
-3.260264321083637995e-08 1.721138585878351905e-08 -7.474302807750011768e-01
-9.847322725057594423e-09 2.365763139397233234e-08 -7.541330518931982363e-01
-9.897229174496143506e-09 1.368613996847667548e-08 -7.597370399821404829e-01
-1.854201898353622488e-08 -3.640857789688530990e-09 -7.644029188976633193e-01
3.658169609359502175e-09 2.327673159105005571e-09 -7.682715099108906598e-01
-1.843932949023972010e-08 1.490116119384766948e-08 -7.714659395263844255e-01
-1.318764995432210683e-09 2.654401203563206866e-09 -7.740932994692535374e-01
-1.280098325434141648e-09 2.213797654380681049e-08 -7.762461604103190194e-01
-4.571374929094351322e-09 2.879205667829523125e-09 -7.780039741805724329e-01
-8.509364504257184963e-09 -1.062693231892387382e-08 -7.794344803339818828e-01
