-1.675690354105801144e-07 -4.439623578501547194e-03 1.074266993992862158e-08 -4.439538832586944518e-03 -8.771431563579962232e-02 -8.342453568225921601e-09 1.800254035747748843e-07 -2.531179420003526817e-02
4.649305242676437003e-08 -7.140465310326527849e-03 -7.521165761472914407e-08 -7.140549071072598702e-03 -1.057446347914509227e-01 -9.974913883247380055e-08 4.446039416465206607e-07 -3.113083720035129259e-02
7.252597339050621503e-08 -1.072058080770159176e-02 -2.272450710249160040e-08 -1.072048538776418543e-02 -1.248027360104628225e-01 -3.412045883862929537e-07 -1.096099012274015937e-08 -3.780829918692257818e-02
-8.475365409320634878e-08 -1.524175732032977126e-02 -1.397277093730836510e-07 -1.524162688393135116e-02 -1.444007097580231602e-01 -1.661350261310430512e-07 -2.186584191577124885e-07 -4.541503013175886977e-02
-1.483844936458846472e-07 -2.075694508733275101e-02 -3.502170876659226024e-08 -2.075685737535902173e-02 -1.641809670270026333e-01 -1.926919024266288212e-09 -1.531479716326410501e-08 -5.412603056491515491e-02
-1.780090720595691000e-08 -2.733675901600089025e-02 -1.975891124894392407e-07 -2.733674366934005229e-02 -1.841619781232139985e-01 2.503362658359148532e-07 -4.892143103524359191e-08 -6.416275325945856867e-02
-2.153473487338639401e-07 -3.507260020690616126e-02 4.040418092827017505e-09 -3.507264074141462629e-02 -2.044921674627566410e-01 -5.453613124010809026e-08 -6.240336513854360090e-08 -7.586817068621079518e-02
5.244886553849974897e-08 -4.399266977015055952e-02 1.423808583744457347e-07 -4.399262624399421368e-02 -2.254645710219407295e-01 1.057400005349751892e-07 1.115723984254346617e-07 -8.942616479391397866e-02
-8.773698562793535385e-08 -5.403925188859634576e-02 2.009038841996855156e-08 -5.403920035759436635e-02 -2.475182057188984042e-01 1.051867098669497928e-07 1.562556512588322493e-07 -1.049236176026226430e-01
3.275545811012431344e-08 -6.494737060081962055e-02 1.500048301493320452e-08 -6.494732481471107710e-02 -2.700450690474714976e-01 6.265900888599134889e-08 -4.319323066343373405e-09 -1.223522494638978053e-01
-3.327717871356394541e-08 -7.664979097961750754e-02 -3.011538417951891610e-07 -7.664975341319998914e-02 -2.933400988118098351e-01 -3.144285564601871174e-07 -2.724882138999834149e-07 -1.412251849161740846e-01
3.612198898959173583e-08 -8.873399988364094604e-02 -9.001487643272563011e-08 -8.873399430375635000e-02 -3.178599824506275207e-01 7.088388518002602123e-08 9.589906967305438114e-08 -1.619807588141953525e-01
-1.171543164721761602e-07 -1.003290350300276718e-01 -2.080252047043531958e-07 -1.003290444251392494e-01 -3.417265582220654907e-01 -2.874278997678959053e-08 -9.157064189206912120e-09 -1.830437669481886909e-01
-1.068659402968475068e-08 -1.110848310697128555e-01 8.049653732086100123e-08 -1.110846969147210039e-01 -3.648218895557161501e-01 1.294784183158587422e-07 -3.669484548942447014e-08 -2.042818849098544665e-01
-8.356857315999272975e-08 -1.207039585369543422e-01 -1.439665758583224553e-08 -1.207040917031550614e-01 -3.866282320701385777e-01 -9.278853122206462002e-08 6.037604957748323057e-10 -2.251940683198131732e-01
3.813485672000607647e-07 -1.290006483819750582e-01 3.070205841015640214e-07 -1.290006539216847214e-01 -4.067289331497008775e-01 1.334642989039723604e-07 6.800699315459937739e-08 -2.453249096817270991e-01
-1.178785960017003755e-07 -1.351975678466145470e-01 -1.541635447762778666e-07 -1.351972600042569972e-01 -4.250549890957885379e-01 -2.163539429145952144e-07 -5.813665623160826459e-08 -2.634250994243495514e-01
-2.415076938017772400e-07 -1.400130547646576684e-01 -1.751896767126299530e-07 -1.400132352024592297e-01 -4.412188947922225934e-01 -1.389022350896917769e-07 -2.230572715072932869e-07 -2.799056498359614453e-01
8.562263967687375501e-08 -1.433748789908185495e-01 5.579255260614884943e-07 -1.433745793788874234e-01 -4.553694772136355207e-01 4.794852832037942240e-08 2.124673583596289020e-07 -2.945315619213464409e-01
9.130131747224945867e-09 -1.454642633010200803e-01 -9.336024226705962952e-08 -1.454641582843972381e-01 -4.676298452188678012e-01 -1.305708675064797301e-07 -1.361108049910348720e-07 -3.073561953198884478e-01
-2.760998160114002809e-07 -1.467972969164911545e-01 -4.064224037970655116e-07 -1.467967665556109413e-01 -4.784524562492592503e-01 7.513837965506282741e-07 -9.011839531077333461e-07 -3.187243007352993929e-01
-6.526092768552919282e-08 -1.468457523754796989e-01 8.875678026984222544e-08 -1.468456714361670579e-01 -4.873605361059011876e-01 -4.535933852466944525e-07 -1.679013541627736890e-07 -3.282140307268456847e-01
4.756303528873919871e-07 -1.463714424743345344e-01 2.949273240615796545e-07 -1.463708194255665951e-01 -4.949897540938230089e-01 -1.310605886422877983e-07 9.442384705976568113e-07 -3.362592001995580171e-01
-2.659045878552449136e-07 -1.452910920725124511e-01 3.773177985373542600e-07 -1.452907479739153629e-01 -5.015484028697492214e-01 1.512884150112944642e-07 1.504194448125844227e-07 -3.427813172710521550e-01
-4.461040502672691547e-07 -1.443274284761385251e-01 -3.209403755215288771e-07 -1.443281423767305560e-01 -5.082368772281219416e-01 -4.435027388415019281e-07 -3.877966199156913560e-07 -3.471081745388152617e-01
-3.017899463669311991e-08 -1.428417395231827425e-01 1.559277566903154209e-07 -1.428414281214376025e-01 -5.126213418142826495e-01 -2.805179856604545345e-07 -1.568967108558935592e-07 -3.522207018975723747e-01
-1.900735061488711160e-07 -1.408735155778805259e-01 -9.956970719779625539e-09 -1.408721361039871056e-01 -5.158646258772725535e-01 -4.817150063952918448e-07 -1.424496875911557400e-07 -3.567991582798574202e-01
1.421054168340798956e-07 -1.393075773435402120e-01 -8.583703940987752410e-07 -1.393079787164789307e-01 -5.196479736610370992e-01 1.073812466381290985e-07 -1.109769725134095400e-06 -3.593813037282690970e-01
-1.702124782989853588e-06 -1.376902268383194405e-01 -9.506625749981619791e-07 -1.376909234245354829e-01 -5.228957440782104893e-01 -1.942850219024536861e-06 -2.044804702881634458e-06 -3.613033975512378593e-01
9.609144048836719206e-07 -1.360209880252974124e-01 -1.061835688969406351e-06 -1.360229407306346727e-01 -5.255414721882570861e-01 1.058234700697962318e-06 -1.459292797862925159e-06 -3.628454327315236427e-01
-1.127319473109126861e-06 -1.343669464966279758e-01 -4.599201695974407913e-06 -1.343644586918399941e-01 -5.277852256273737330e-01 -5.246501142157748652e-06 -3.635394376762904248e-06 -3.639516723368234064e-01
-1.686468909508464190e-06 -1.327812970837274620e-01 1.410801104768478571e-06 -1.327788960265758600e-01 -5.297279273976379654e-01 -2.339870275082790369e-06 9.847668417123942795e-07 -3.646454368946560609e-01
2.234289067078610780e-06 -1.297657000779627867e-01 5.065938899854647173e-07 -1.297680843105796233e-01 -5.282007076904657872e-01 2.287490077435175901e-06 1.566973547185036740e-06 -3.685820683796280361e-01
-2.479175433765327777e-06 -1.288749145370268745e-01 -1.888769420110121541e-06 -1.288761800935566137e-01 -5.306204392956003213e-01 -3.410062982489408379e-06 -2.746071434613759848e-06 -3.678196076788687319e-01
-7.188308474607179787e-06 -1.289436754824021536e-01 -1.180674289919080502e-06 -1.289375315441428360e-01 -5.346598371156774387e-01 -6.028355923757006101e-06 -6.137909338675174961e-06 -3.648503340628420633e-01
